[ 0.41935484  0.06451613  0.16129032  0.06451613  0.03225806  0.06451613
  0.12903226  0.03225806  0.03225806  0.06451613  0.22580645  0.03225806
  0.03225806  0.09677419  0.03225806  0.03225806  0.25806452  0.06451613
  0.06451613  0.06451613  0.09677419  0.03225806  0.03225806  0.06451613
  0.06451613  0.12903226  0.16129032  0.06451613  0.03225806  0.22580645
  0.06451613  0.03225806  0.09677419  0.06451613  0.03225806  0.03225806
  0.06451613  0.03225806  0.03225806  0.06451613  0.06451613  0.03225806
  0.03225806  0.12903226  0.06451613  0.06451613  0.12903226  0.16129032
  0.03225806  0.03225806  0.06451613  0.03225806  0.03225806  0.03225806
  0.03225806  0.03225806  0.03225806  0.09677419  0.03225806  0.03225806
  0.03225806  0.03225806  0.03225806  0.03225806  0.03225806  0.03225806
  0.03225806  0.03225806  0.03225806  0.03225806  0.03225806  0.03225806
  0.03225806  0.03225806  0.06451613  0.03225806  0.06451613  0.06451613
  0.03225806  0.09677419  0.03225806  0.03225806  0.06451613  0.03225806
  0.03225806  0.03225806  0.03225806  0.03225806  0.03225806  0.03225806
  0.03225806  0.03225806  0.03225806  0.06451613  0.06451613  0.03225806
  0.03225806  0.03225806  0.03225806  0.06451613  0.03225806  0.03225806
  0.03225806  0.03225806  0.03225806  0.03225806  0.03225806  0.06451613
  0.03225806  0.06451613  0.03225806  0.03225806  0.03225806  0.03225806
  0.03225806  0.03225806  0.03225806  0.03225806  0.03225806  0.03225806
  0.03225806  0.03225806  0.03225806  0.03225806  0.03225806  0.06451613
  0.06451613  0.03225806  0.03225806  0.03225806  0.03225806  0.06451613
  0.03225806  0.03225806  0.03225806  0.03225806  0.03225806  0.03225806
  0.03225806  0.03225806  0.03225806  0.03225806  0.03225806  0.06451613
  0.03225806  0.03225806  0.03225806  0.03225806  0.03225806  0.03225806
  0.03225806  0.03225806  0.12903226  0.03225806  0.09677419  0.03225806
  0.03225806  0.03225806  0.03225806  0.03225806  0.03225806  0.03225806
  0.03225806  0.03225806  0.03225806  0.03225806  0.03225806  0.03225806
  0.03225806  0.03225806  0.03225806  0.03225806  0.03225806  0.03225806
  0.03225806  0.06451613  0.03225806  0.03225806  0.03225806  0.03225806
  0.03225806  0.03225806  0.06451613  0.03225806  0.06451613  0.06451613
  0.03225806  0.03225806  0.03225806  0.03225806  0.03225806  0.03225806
  0.06451613  0.03225806  0.03225806  0.03225806  0.03225806  0.03225806
  0.03225806  0.03225806  0.03225806  0.03225806  0.03225806  0.03225806
  0.03225806  0.03225806  0.03225806  0.03225806  0.03225806  0.03225806
  0.03225806  0.03225806  0.03225806  0.03225806  0.03225806  0.03225806
  0.06451613  0.03225806  0.03225806  0.03225806  0.03225806  0.03225806
  0.03225806  0.03225806  0.03225806  0.03225806  0.03225806  0.03225806
  0.03225806  0.03225806  0.03225806  0.03225806  0.03225806  0.03225806
  0.03225806  0.03225806  0.03225806  0.03225806  0.03225806  0.03225806
  0.03225806  0.03225806  0.03225806  0.03225806  0.03225806  0.03225806
  0.03225806  0.03225806  0.03225806  0.03225806  0.03225806  0.03225806
  0.03225806  0.03225806  0.03225806  0.03225806  0.03225806  0.03225806
  0.03225806  0.03225806  0.03225806  0.03225806  0.03225806  0.03225806
  0.03225806  0.03225806  0.03225806  0.03225806  0.03225806  0.03225806
  0.03225806  0.03225806  0.03225806  0.03225806  0.06451613  0.03225806
  0.03225806  0.03225806  0.03225806  0.03225806  0.03225806  0.03225806
  0.03225806  0.03225806  0.03225806  0.03225806  0.03225806  0.03225806
  0.03225806  0.03225806  0.03225806  0.03225806  0.03225806  0.03225806
  0.03225806  0.03225806  0.03225806  0.03225806  0.03225806  0.03225806
  0.03225806  0.03225806  0.03225806  0.03225806  0.03225806  0.03225806
  0.03225806  0.03225806  0.03225806  0.03225806  0.03225806  0.03225806
  0.03225806  0.03225806  0.03225806  0.03225806  0.03225806  0.03225806
  0.03225806  0.03225806  0.03225806  0.03225806  0.03225806  0.03225806
  0.03225806]